1 100 1 294 286 288 117 405 300 69 151 318 276 423 64 25 275 195 216 202 475
2 286 328 748 333 323 245 268 322 307 181 271 237 127 690 340 321 319 678 327 326
3 288 286 258 313 302 269 333 748 245 323 289 690 301 268 271 327 304 321 310 751
4 286 300 313 302 269 748 333 323 245 307 289 322 268 690 340 272 326 332 321 304
5 50 100 174 98 56 127 172 7 79 318 423 237 183 117 195 96 216 64 22 191
6 181 288 121 98 174 300 222 172 9 276 79 313 275 210 25 118 64 748 96 195
7 1 121 172 173 222 210 318 237 117 423 183 405 96 195 89 176 28 357 257 15
8 286 288 100 1 127 300 121 237 117 313 98 257 269 9 276 748 405 15 172 151
9 288 294 258 181 100 300 1 127 237 121 313 222 117 269 257 748 56 276 98 302
10 181 100 174 121 237 204 222 172 258 294 288 117 168 79 318 173 69 210 405 151
11 50 181 100 1 127 294 258 288 174 7 117 172 257 151 79 318 210 9 276 183
12 181 100 1 294 286 258 288 121 237 7 56 98 174 222 117 172 257 405 151 9
13 50 294 300 117 174 257 269 276 302 15 151 25 173 111 168 289 210 183 333 22
14 1 286 294 258 127 237 7 300 98 117 257 405 276 79 275 318 168 69 748 118
15 288 294 300 50 313 748 269 181 100 121 245 268 7 117 276 307 271 321 275 690
16 50 181 100 127 121 7 222 237 117 168 173 79 318 258 210 405 183 257 22 195
17 288 258 50 300 181 313 127 748 302 328 121 323 117 289 222 257 333 9 15 268
18 50 1 127 121 7 222 237 173 117 405 183 151 64 96 22 286 258 294 257 288
19 286 50 300 181 100 1 127 313 237 269 748 121 302 7 328 117 222 257 276 289
20 100 127 286 294 258 237 7 56 222 117 300 405 257 151 79 9 276 318 168 173
21 286 258 313 269 328 181 302 748 127 237 333 268 322 257 117 222 271 307 276 9
22 100 1 121 56 98 174 237 7 286 288 172 405 168 151 257 69 318 300 15 9
23 50 127 98 121 237 222 204 172 117 286 168 288 173 318 69 210 183 15 64 22
24 50 181 100 1 294 258 121 222 174 300 172 257 405 204 151 15 79 168 313 210
25 50 181 100 56 174 121 237 286 172 294 288 117 168 79 318 69 210 405 423 64
26 294 258 313 748 289 245 257 268 301 15 271 307 275 111 25 340 319 272 690 56
27 294 258 300 181 100 1 127 313 237 748 269 7 328 302 117 222 257 276 9 323
28 181 1 127 121 237 7 98 300 222 117 172 204 257 405 151 15 79 9 276 318
29 288 286 258 313 328 269 50 333 323 245 289 268 100 322 307 301 181 271 127 690
30 288 294 300 100 269 748 328 302 127 1 237 333 323 121 245 268 322 117 257 301
31 286 50 288 258 294 300 181 100 127 1 313 237 269 302 748 121 7 117 222 56
32 286 258 300 313 748 1 269 127 237 328 302 121 323 289 117 333 322 15 301 275
33 288 286 258 313 302 333 748 269 289 301 690 268 322 340 272 332 326 304 327 321
34 300 258 328 313 302 333 269 748 307 323 690 301 268 322 340 271 272 326 327 304
35 288 286 294 258 313 302 269 748 307 245 323 289 301 690 268 271 340 272 326 304
36 288 300 286 294 258 328 313 302 245 323 690 301 268 322 340 332 326 272 271 327
37 181 100 1 121 294 286 258 237 98 300 172 204 405 257 151 15 9 276 210 318
38 50 181 100 56 174 98 121 7 204 172 222 237 168 79 117 173 210 405 151 294
39 286 258 313 328 333 245 323 289 690 268 322 271 340 272 326 332 321 327 304 50
40 288 294 313 328 748 323 245 307 289 301 690 322 340 272 332 326 327 304 321 319
41 100 127 56 121 98 174 7 258 294 237 288 222 204 172 117 405 168 79 151 300
42 181 100 127 56 174 7 204 117 294 258 286 288 79 69 151 257 9 22 191 25
43 50 100 288 258 7 56 174 300 257 172 204 151 276 173 475 269 748 183 96 22
44 50 127 98 7 237 222 286 288 117 79 168 173 151 210 276 300 423 118 275 111
45 294 286 258 100 300 127 237 7 313 117 222 748 257 269 9 302 56 328 405 174
46 258 328 302 269 323 307 289 301 322 268 340 271 332 272 326 327 321 304 751 319
47 288 286 300 294 258 313 328 302 269 333 748 323 245 690 271 332 272 326 319 50
48 288 181 258 100 1 127 300 237 121 7 313 222 117 98 174 257 748 9 276 302
49 100 1 127 237 286 288 222 204 405 79 69 257 210 318 300 15 9 276 183 64
50 294 258 300 313 50 328 269 748 302 333 323 289 181 100 245 322 301 127 237 307
51 100 1 127 56 121 174 98 7 222 237 286 258 294 288 172 204 117 168 79 318
52 50 286 294 300 181 1 127 313 237 121 269 7 302 328 222 9 276 323 289 56
53 286 288 294 1 127 300 121 237 222 117 313 56 257 98 9 276 15 269 405 302
54 286 294 300 313 181 100 269 1 237 323 289 117 222 268 322 9 301 15 271 275
55 181 286 288 294 100 258 1 127 300 121 237 7 222 313 98 405 9 276 15 748
56 100 1 98 127 7 172 168 117 318 183 286 288 195 257 15 202 9 276 25 176
57 286 258 100 300 1 127 121 313 269 302 328 9 276 98 174 289 323 275 25 475
58 50 286 294 288 258 121 222 117 204 257 276 15 79 173 25 118 111 183 423 748
59 50 100 7 237 222 117 173 79 69 294 286 183 257 96 191 89 276 176 275 194
60 181 100 1 56 127 7 173 210 318 237 117 405 191 22 202 89 257 15 258 294
61 288 286 300 328 313 302 307 323 245 289 268 322 340 332 272 326 321 319 751 678
62 50 181 98 174 286 258 172 79 210 300 64 25 96 202 89 28 234 197 194 313
63 50 313 127 323 289 7 117 222 245 268 9 271 275 307 475 25 151 321 678 56
64 286 294 258 98 117 204 257 79 15 276 275 25 118 313 183 111 22 96 475 195
65 181 127 174 237 222 286 204 172 117 288 79 405 173 318 210 151 257 15 183 9
66 288 294 100 313 748 269 328 302 222 276 323 289 9 333 245 268 405 322 275 56
67 50 181 286 288 294 100 258 127 300 237 222 313 257 56 98 9 174 15 748 269
68 50 294 300 100 1 313 117 748 269 222 257 302 328 276 15 56 289 323 98 151
69 286 313 181 269 100 328 302 127 1 237 323 121 245 322 257 117 301 276 222 271
70 100 127 56 174 98 7 237 258 286 294 117 288 210 318 257 423 183 64 195 22
71 50 286 288 294 258 1 127 121 300 237 7 117 174 313 9 405 15 172 151 204
72 50 7 237 286 294 258 288 204 117 79 168 173 151 257 300 276 183 423 64 22
73 50 181 294 258 300 121 237 222 117 98 174 313 257 9 172 405 269 276 15 151
74 288 286 313 748 269 50 323 289 322 690 271 100 181 272 321 237 127 327 332 319
75 50 288 286 258 181 300 100 127 237 313 7 748 269 257 302 328 9 276 15 56
76 50 181 294 258 1 127 300 237 7 222 117 313 174 257 9 269 276 748 172 405
77 50 181 174 98 7 237 286 258 294 288 204 172 117 79 318 210 151 257 300 15
78 288 286 294 258 300 50 313 181 100 748 328 1 302 127 121 289 333 7 117 245
79 294 300 313 328 748 302 50 333 323 289 245 322 181 307 237 271 127 1 321 272
80 286 288 294 258 181 100 300 1 127 121 313 7 269 117 222 748 302 56 257 98
81 50 286 294 258 181 300 127 121 313 7 117 222 748 257 276 302 9 15 328 56
82 50 100 1 294 258 288 56 7 98 222 117 300 172 204 257 15 173 168 210 118
83 181 100 286 258 288 237 56 7 98 222 172 204 257 15 9 168 276 173 318 275
84 50 288 294 181 300 127 313 269 748 257 9 56 302 328 174 98 275 25 323 475
85 181 1 56 98 7 237 294 222 288 117 79 405 151 257 15 183 300 276 96 22
86 288 286 294 313 302 333 748 307 245 323 690 289 301 268 322 340 332 271 272 327
87 50 1 98 204 168 222 173 69 237 117 405 151 195 191 202 176 28 15 257 194
88 288 300 294 258 328 333 269 748 307 245 323 289 322 268 271 340 332 272 327 304
89 50 181 286 294 288 258 300 237 117 56 98 174 313 9 276 15 748 172 204 79
90 50 181 1 286 258 294 288 121 7 222 300 172 204 257 405 168 15 173 210 64
91 50 181 100 286 288 1 258 121 237 300 7 222 117 257 313 405 9 276 151 15
92 1 127 237 222 172 286 117 294 258 288 173 318 151 423 25 300 275 357 176 197
93 50 288 294 181 286 258 100 300 127 237 7 222 117 313 257 276 9 748 56 269
94 181 100 121 7 237 117 69 210 151 294 286 423 183 96 257 22 191 195 216 15
95 100 1 56 98 121 172 168 222 210 318 237 423 183 151 176 258 194 234 118 483
96 98 174 121 204 172 237 222 168 69 117 210 183 423 405 151 294 258 286 64 96
97 50 181 100 56 98 127 121 7 172 237 168 117 69 173 210 318 286 258 294 405
98 50 181 100 1 286 127 288 294 258 121 56 237 7 98 300 174 222 117 172 204
99 286 313 269 1 127 302 121 323 289 333 222 257 9 15 301 271 307 405 25 151
100 288 294 269 748 307 245 323 301 289 322 332 271 327 304 331 315 751 319 682 303
101 286 294 258 181 300 100 127 237 313 748 222 269 257 276 328 302 9 15 405 56
102 100 294 121 237 172 257 9 151 276 15 318 173 69 275 25 111 748 475 64 423
103 50 100 294 288 286 258 1 121 237 7 222 313 98 174 276 15 9 405 748 269
104 258 313 748 323 245 301 322 1 690 321 678 257 319 326 117 304 275 879 315 475
105 300 294 313 328 323 245 289 301 322 271 340 326 332 327 321 50 304 319 751 310
106 50 181 100 127 56 121 174 98 7 237 258 294 288 222 204 172 117 318 79 173
107 286 294 313 328 302 748 333 245 307 289 301 690 272 332 50 326 327 304 319 310
108 288 286 294 258 300 181 100 313 748 269 7 302 328 117 257 276 9 15 323 289
109 1 127 294 286 204 168 210 151 276 300 118 25 195 275 28 475 144 234 197 194
110 50 181 100 1 127 121 286 294 288 56 98 174 237 7 222 117 172 405 79 318
111 288 300 294 258 313 748 245 323 289 690 268 322 271 332 327 321 319 310 751 50
112 288 300 294 313 748 333 323 289 301 268 271 340 332 326 304 319 50 331 292 682
113 286 294 313 328 269 302 748 50 289 301 307 181 271 690 340 272 321 1 327 326
114 50 181 100 1 127 56 98 174 121 7 172 237 222 286 258 117 294 173 69 79
115 50 100 1 286 294 258 288 222 300 257 204 405 151 15 276 79 318 173 168 275
116 294 300 313 269 748 333 323 289 245 268 100 181 340 237 321 327 319 326 1 276
117 50 286 294 181 100 300 127 237 7 748 269 302 9 276 328 15 405 275 323 289
118 50 181 1 127 121 174 286 294 237 222 117 204 405 168 318 69 300 151 173 257
119 294 258 100 1 127 237 748 302 222 257 15 289 333 98 174 151 111 475 118 79
120 288 294 300 181 100 1 313 121 269 748 7 302 222 328 276 9 323 289 56 333
121 286 288 258 121 7 117 222 257 56 269 748 98 15 302 151 275 328 475 111 118
122 50 181 100 1 174 56 98 121 204 172 7 168 173 222 69 79 318 237 210 183
123 50 181 1 127 286 121 258 56 174 7 237 222 117 204 172 300 405 318 257 79
124 181 100 127 121 56 174 294 7 237 258 286 288 222 172 204 79 318 173 405 151
125 100 127 98 121 7 237 168 405 151 286 288 423 183 96 257 15 195 9 89 118
126 328 313 302 269 748 307 301 268 332 271 326 304 321 331 292 879 678 303 750 347
127 294 181 313 100 748 269 1 127 328 302 237 121 289 323 7 333 117 245 257 276
128 100 127 121 7 204 117 286 258 173 69 288 318 257 183 64 96 22 195 9 89
129 300 294 258 328 333 323 289 690 301 268 322 271 340 332 326 327 321 319 751 315
130 286 258 1 127 56 257 748 9 276 15 151 302 275 25 318 173 323 333 423 191
131 286 288 294 258 300 50 181 748 328 237 323 121 289 333 7 245 268 257 117 322
132 181 1 288 294 258 121 237 7 300 56 98 222 174 117 257 172 9 276 204 405
133 288 286 313 302 748 333 323 307 289 301 268 690 271 340 50 272 332 326 321 327
134 288 748 333 323 245 289 307 50 301 268 322 690 271 340 272 321 332 327 100 304
135 50 181 100 1 286 294 127 258 121 237 7 174 222 300 117 172 257 204 405 9
136 50 288 294 258 300 181 1 237 121 269 748 7 302 328 222 257 289 323 275 405
137 50 288 286 294 258 300 181 100 127 313 269 7 302 328 222 9 276 15 323 56
138 50 181 127 121 56 174 286 258 294 7 237 288 172 204 405 79 168 173 300 257
139 286 294 300 258 313 328 302 269 748 333 323 245 289 50 301 322 271 690 340 272
140 300 313 328 269 748 333 323 245 307 268 690 271 340 272 50 326 321 327 304 319
141 313 181 269 302 1 121 289 7 257 268 222 9 301 15 271 307 275 475 321 111
142 288 286 258 50 300 100 313 1 269 127 748 302 328 237 121 323 289 117 257 222
143 300 302 748 269 333 245 307 289 322 301 268 340 50 326 332 321 327 304 319 751
144 286 100 1 121 222 56 276 269 748 405 151 275 302 79 25 111 118 173 168 210
145 288 50 127 748 269 7 328 117 222 289 323 98 405 245 322 151 475 25 118 172
146 288 328 333 748 307 323 690 289 268 322 271 332 326 304 310 321 751 331 319 292
147 288 300 294 258 328 269 333 748 307 245 323 289 268 322 271 332 272 326 327 321
148 100 121 7 237 222 172 286 258 117 294 288 168 79 69 318 405 210 257 183 15
149 288 294 313 333 748 307 289 301 690 322 271 332 326 304 321 751 331 315 292 50
150 286 294 258 300 100 313 269 748 237 302 328 7 117 323 289 257 222 333 9 245
151 181 1 127 98 7 204 172 222 237 117 258 294 405 288 183 257 96 22 216 9
152 50 181 100 1 127 56 174 7 222 172 258 294 286 288 168 79 405 318 210 151
153 288 286 100 300 1 237 121 313 7 222 117 748 269 257 302 9 276 98 328 15
154 181 100 1 286 294 258 127 121 237 56 7 300 98 222 117 257 204 405 9 151
155 288 258 313 302 269 748 333 307 289 301 690 268 271 340 272 327 321 304 50 310
156 50 181 100 1 127 286 294 258 288 121 56 98 237 174 7 222 117 172 204 300
157 288 294 258 300 181 100 313 748 237 328 302 121 7 257 222 323 9 333 245 15
158 98 237 258 288 172 117 168 79 405 173 151 69 318 257 15 300 9 183 276 423
159 300 50 313 328 269 302 181 100 323 289 245 1 268 307 121 271 257 117 276 222
160 181 294 286 127 258 121 7 56 222 98 300 257 172 204 318 313 173 275 69 25
161 181 1 286 127 294 288 258 121 237 7 174 300 222 117 172 204 257 405 151 9
162 100 288 286 258 127 121 300 7 117 56 257 98 313 405 15 276 9 748 269 172
163 288 294 50 313 302 748 328 181 100 127 1 333 289 237 323 245 121 268 322 7
164 288 286 294 50 328 269 302 127 1 237 289 245 268 322 301 7 257 271 15 321
165 50 286 294 300 100 1 127 313 237 121 269 748 302 7 117 257 56 9 276 323
166 288 328 302 269 333 323 245 307 289 301 268 690 271 50 340 272 332 326 321 327
167 174 98 50 56 204 172 168 181 210 69 173 423 100 1 79 183 195 216 22 202
168 288 50 286 300 181 1 127 237 748 269 328 302 289 333 56 245 268 151 25 322
169 50 286 288 294 181 100 1 121 237 313 7 222 56 117 269 748 98 257 302 9
170 288 286 258 313 302 748 269 323 245 307 289 301 322 690 268 271 340 272 332 327
171 300 294 328 269 333 748 307 323 289 301 268 322 271 332 326 321 319 751 50 331
172 50 181 100 1 98 56 127 174 121 204 172 7 222 237 168 173 69 79 318 117
173 288 258 313 748 333 323 245 307 289 271 340 272 326 304 50 751 310 315 682 303
174 50 181 127 294 258 121 237 7 56 98 174 222 300 117 172 257 204 405 9 79
175 181 100 1 121 286 294 7 174 258 288 237 222 117 204 405 79 151 300 257 318
176 294 300 258 313 748 269 302 333 323 245 322 307 301 181 271 237 690 127 1 272
177 50 288 286 294 258 1 237 313 269 117 222 328 257 56 9 15 405 323 275 151
178 50 288 100 121 313 257 9 15 748 151 275 204 79 475 210 289 22 183 423 268
179 286 294 258 328 333 269 748 245 323 690 289 322 268 340 332 326 327 304 292 319
180 50 100 1 174 127 121 7 172 168 237 69 79 210 117 318 405 183 151 96 191
181 313 333 690 289 322 271 340 272 310 304 321 315 751 678 750 303 895 347 346 311
182 181 286 288 294 258 127 300 121 7 117 56 257 313 98 174 9 276 15 405 748
183 100 1 127 56 174 98 7 237 204 172 117 168 79 173 286 69 318 258 288 151
184 50 1 127 174 121 222 204 172 294 168 288 173 210 151 257 423 64 9 96 276
185 100 1 294 288 121 300 7 56 222 98 174 117 172 257 9 204 405 15 151 313
186 294 286 50 258 300 181 313 1 127 748 328 7 117 222 323 289 276 9 15 245
187 50 181 100 1 56 127 174 98 121 7 172 237 222 117 79 318 173 286 258 294
188 1 127 121 286 258 222 117 172 204 405 79 168 151 257 300 15 9 276 423 183
189 181 174 98 286 237 294 258 222 288 204 117 168 405 69 210 257 300 9 183 64
190 286 50 302 181 100 323 333 127 1 289 245 268 322 121 301 307 257 7 271 690
191 286 300 294 258 269 333 748 245 323 289 301 690 268 322 271 272 326 327 304 321
192 288 286 294 300 313 328 748 181 323 333 237 1 245 268 322 307 276 7 257 117
193 50 294 181 1 313 748 7 302 222 257 9 56 15 323 289 98 405 333 275 151
194 1 174 98 204 172 7 423 183 151 96 286 258 294 257 176 288 357 197 275 111
195 50 288 286 294 181 1 127 237 121 7 748 269 222 117 302 257 56 9 15 98
196 50 181 100 288 294 258 1 127 121 237 300 7 222 56 117 98 174 257 313 9
197 286 181 100 1 127 237 121 269 7 328 222 117 257 276 9 289 323 15 98 405
198 286 294 288 174 222 172 204 257 168 173 210 9 183 275 423 111 22 96 313 89
199 288 286 300 313 328 748 302 269 50 333 323 245 289 307 322 301 100 181 271 690
200 50 181 100 127 121 56 7 237 222 288 117 168 151 257 15 300 276 64 118 275
201 50 181 100 286 294 222 117 168 405 151 257 300 183 9 64 118 111 202 194 12
202 50 181 100 288 294 127 121 300 237 7 56 222 98 174 117 313 257 9 276 405
203 288 286 294 300 313 328 269 302 100 127 333 289 245 268 121 322 301 7 307 271
204 288 286 294 313 328 269 323 245 50 289 307 301 690 271 340 272 100 327 181 326
205 288 300 258 313 302 748 333 323 245 307 289 301 690 271 340 272 50 332 327 321
206 328 307 286 294 302 245 748 301 310 340 331 289 268 304 322 327 271 292 879 750
207 50 1 294 288 237 7 174 222 300 172 405 257 151 168 210 275 111 118 22 96
208 50 181 100 1 127 56 174 98 121 7 204 172 237 222 168 117 79 173 318 69
209 288 286 294 300 313 328 302 748 323 245 289 307 268 322 690 340 100 272 321 237
210 50 100 121 98 7 237 204 172 286 294 258 117 288 318 405 173 210 151 257 15
211 288 294 258 50 313 181 100 269 748 328 302 1 237 323 333 289 121 245 7 268
212 50 181 100 1 288 258 294 121 56 237 98 7 300 174 222 117 204 172 405 257
213 50 181 1 127 286 56 237 7 174 300 15 318 9 168 276 69 210 275 111 183
214 181 100 286 258 1 300 237 121 7 222 9 405 15 172 748 204 275 302 25 475
215 100 1 286 121 294 288 7 237 222 117 300 79 405 168 318 257 173 69 15 9
216 181 1 127 121 294 288 258 222 117 300 204 173 69 275 118 111 183 96 191 195
217 100 1 127 98 7 172 204 237 168 69 173 318 294 151 286 423 288 64 257 15
218 50 181 1 127 56 98 174 121 7 237 172 222 286 258 117 288 79 318 69 210
219 288 286 294 258 50 300 181 100 313 1 127 237 748 302 328 121 7 117 222 257
220 286 328 313 302 269 748 323 245 307 322 690 271 272 50 326 327 321 304 319 310
221 181 1 127 294 288 237 7 98 300 151 79 15 9 318 168 276 69 25 111 275
222 121 98 237 204 258 286 117 405 151 257 423 300 64 276 118 216 202 275 89 357
223 258 50 313 181 100 748 269 302 127 323 121 245 7 117 268 222 9 301 271 15
224 50 181 100 288 1 127 121 7 56 222 117 98 174 257 9 405 172 151 204 269
225 50 181 100 1 127 56 121 174 7 286 294 258 222 288 204 172 117 79 168 173
226 50 181 286 100 288 294 1 127 300 121 237 222 117 174 313 257 276 15 269 748
227 258 50 300 181 313 1 127 748 269 237 302 328 323 117 257 289 222 333 276 9
228 286 294 258 300 50 328 269 302 748 333 323 100 181 289 245 127 268 322 301 237
229 294 258 313 302 333 307 245 323 289 690 301 322 268 271 340 332 326 327 304 321
230 181 127 56 222 117 168 286 258 173 318 288 151 423 257 96 15 195 191 9 216
231 288 286 294 258 50 300 100 1 237 748 269 121 328 302 7 117 257 222 323 276
232 1 286 288 258 121 237 7 98 300 174 222 172 257 405 151 9 276 15 79 69
233 50 181 1 7 237 222 258 294 172 288 173 168 79 405 210 151 183 15 300 96
234 100 98 121 204 237 173 117 405 96 195 191 216 257 15 194 144 118 275 97 111
235 286 294 288 258 127 121 56 7 300 98 222 117 172 204 257 9 313 405 151 15
236 50 100 1 121 294 258 288 7 172 300 405 257 151 168 173 9 276 25 118 423
237 50 181 100 1 56 121 204 7 172 222 237 168 318 117 69 79 173 210 258 286
238 288 50 258 300 100 1 313 127 237 748 269 328 302 7 117 222 323 9 276 289
239 50 1 127 98 174 121 7 237 222 168 117 173 258 294 288 405 151 423 64 257
240 286 294 258 328 333 323 301 690 322 268 271 332 326 327 321 304 319 50 310 678
241 288 286 258 328 333 269 748 245 323 289 301 690 322 271 340 272 326 327 304 321
242 288 286 258 300 313 328 302 748 269 50 333 323 245 289 307 322 301 100 181 271
243 50 181 100 1 294 258 288 121 237 56 300 222 98 117 174 257 405 172 9 276
244 50 127 121 56 174 98 237 258 286 288 204 79 405 173 318 210 257 15 423 183
245 288 294 286 258 100 1 127 237 121 7 313 117 257 748 269 56 276 9 15 98
246 181 127 56 7 237 222 204 168 258 79 286 405 318 183 15 64 22 191 9 118
247 288 286 294 50 100 313 127 748 302 328 237 121 7 323 289 117 333 257 276 245
248 181 286 288 294 258 237 300 222 56 174 313 9 15 276 151 204 275 269 748 25
249 181 286 294 288 127 300 222 117 172 313 276 15 151 204 79 25 269 173 748 111
250 286 258 300 313 1 269 121 302 257 289 9 15 245 268 322 405 275 301 25 111
251 286 288 258 127 56 313 98 174 276 9 405 269 172 302 204 475 328 318 173 69
252 288 286 294 258 50 300 181 313 127 237 269 748 328 302 121 117 222 323 257 289
253 181 100 286 294 258 288 121 7 174 300 172 204 405 257 151 79 9 276 69 210
254 100 1 56 127 172 7 168 173 79 210 237 318 117 423 151 64 96 195 216 191
255 286 294 258 300 50 313 181 269 1 127 302 237 289 333 257 268 276 9 301 15
256 286 258 56 222 174 98 300 257 204 9 173 168 318 69 313 111 275 748 475 183
257 286 294 300 100 181 127 1 269 237 748 302 328 121 7 323 117 222 257 9 276
258 288 300 328 302 748 269 307 245 690 301 322 268 271 340 327 321 304 751 319 50
259 50 286 294 258 100 1 127 300 237 7 222 56 257 276 174 9 151 302 275 172
260 288 286 294 258 328 313 302 269 245 323 690 301 289 268 332 271 340 327 304 310
261 288 286 258 313 328 302 269 333 323 245 289 307 50 301 268 690 271 272 332 327
262 50 181 1 127 286 294 258 288 222 117 300 79 257 151 168 173 210 9 276 25
263 50 1 286 258 288 121 56 7 172 257 405 151 79 276 9 15 313 173 275 25
264 50 181 100 1 127 56 174 121 7 237 172 117 79 258 294 69 318 210 405 151
265 288 286 258 181 313 1 127 748 269 121 302 117 222 289 9 276 333 268 322 301
266 288 286 294 258 300 50 313 328 748 269 302 181 100 333 323 127 289 1 322 301
267 1 172 222 168 237 173 79 117 318 151 96 191 294 257 258 286 15 288 118 357
268 50 1 121 237 69 318 423 288 257 64 22 15 195 216 202 118 9 276 28 357
269 1 98 7 172 222 168 117 79 405 258 183 294 286 288 195 257 25 118 357 28
270 100 1 127 294 288 7 56 174 300 117 172 405 204 151 15 9 276 318 69 168
271 50 286 294 258 288 7 222 151 183 191 22 96 195 475 234 748 144 483 135 546
272 50 181 100 1 121 286 7 294 258 237 288 222 204 117 318 168 173 79 405 151
273 288 286 300 294 258 302 269 748 333 323 245 289 301 690 322 271 332 272 326 327
274 50 286 181 127 237 121 313 7 222 269 257 302 15 328 56 174 151 289 323 475
275 100 127 56 121 7 237 222 172 204 286 168 79 318 288 151 423 257 64 15 96
276 50 1 127 237 286 222 204 79 69 15 275 191 22 111 216 28 176 194 483 135
277 288 294 258 300 181 313 127 237 269 328 302 222 257 323 276 289 9 333 245 268
278 288 294 300 313 328 269 748 333 50 323 289 307 322 268 690 271 340 100 181 272
279 50 98 56 1 127 168 69 318 423 183 237 96 151 22 144 197 357 194 82 135
280 50 1 121 172 168 69 151 258 423 183 64 257 191 195 15 89 9 118 25 276
281 286 300 294 328 313 302 269 307 245 289 268 340 326 272 327 321 319 310 751 678
282 288 286 258 313 328 302 748 323 245 289 301 268 322 690 272 50 332 327 326 304
283 181 1 127 121 56 98 174 7 237 222 286 258 172 117 405 318 79 69 151 257
284 288 294 333 245 323 289 690 268 322 271 326 327 321 310 331 315 292 678 50 879
285 294 258 50 181 269 748 328 127 1 333 323 289 121 245 268 322 7 301 257 117
286 286 294 258 121 300 222 98 174 117 257 172 405 204 15 9 276 313 79 318 69
287 50 288 286 258 300 181 127 313 269 748 7 302 328 15 323 289 405 174 333 275
288 50 181 286 288 1 7 222 56 313 117 98 257 269 9 748 405 15 302 151 275
289 50 181 100 1 294 288 286 258 127 121 237 300 7 56 257 98 174 9 405 276
290 100 127 56 7 237 258 294 286 288 79 173 423 183 9 96 22 276 25 195 300
291 1 127 121 98 204 222 69 318 258 286 423 183 257 64 195 191 216 25 276 111
292 286 294 258 121 237 7 172 204 257 15 276 318 69 313 210 275 25 269 64 22
293 100 7 258 222 117 173 318 69 257 300 9 276 96 22 191 25 118 216 357 475
294 286 258 50 328 302 289 268 127 301 690 340 321 272 319 117 9 326 222 304 15
295 56 127 204 172 168 173 237 117 405 64 195 216 202 176 28 194 357 197 234 135
296 286 288 294 300 127 117 257 748 174 302 405 328 275 25 118 323 79 318 173 333
297 50 100 288 294 1 127 121 7 174 313 405 9 276 15 172 269 25 318 302 168
298 50 100 56 98 7 222 286 258 288 117 405 318 173 15 300 64 96 25 191 22
299 50 1 127 121 286 294 258 288 98 174 117 172 300 405 79 168 173 69 9 15
300 300 286 258 313 302 748 333 269 323 245 307 289 301 268 690 271 340 332 272 326
301 181 127 237 286 405 173 257 15 9 64 300 22 216 275 357 234 475 197 144 135
302 288 286 300 258 313 302 269 245 307 289 268 690 271 340 332 272 326 50 321 327
303 181 1 174 98 7 237 294 258 168 69 15 25 22 111 275 216 89 475 28 197
304 286 258 269 302 748 333 50 245 289 307 268 301 322 690 100 181 340 272 237 321
305 50 100 127 56 121 174 98 294 288 168 318 151 9 276 183 25 96 22 118 111
306 288 294 300 50 313 328 748 302 100 181 333 323 127 237 1 245 268 322 301 121
307 1 127 174 98 7 237 172 117 286 294 79 318 69 288 210 405 151 15 96 22
308 1 56 98 172 222 173 79 405 423 183 151 286 258 294 96 15 357 275 111 603
309 288 286 294 328 313 302 333 269 748 307 245 323 289 301 268 322 271 340 332 272
310 288 286 294 258 300 313 50 328 748 302 269 100 333 323 289 245 127 1 237 322
311 174 127 204 7 237 79 69 405 183 151 294 286 22 216 191 288 257 176 9 25
312 56 127 121 204 7 168 222 237 79 318 210 117 423 405 64 151 191 22 202 216
313 174 98 7 237 173 69 318 294 286 405 288 257 64 191 15 202 9 276 25 357
314 50 181 100 127 121 56 174 98 7 222 117 172 204 294 286 258 405 151 79 168
315 50 181 100 1 294 258 237 300 7 222 98 174 117 257 405 172 313 9 151 15
316 181 100 1 294 258 288 127 121 237 56 7 300 222 117 204 257 405 15 151 79
317 286 294 258 313 302 269 333 245 307 289 301 690 340 272 332 326 327 321 304 50
318 181 1 98 7 222 258 172 288 117 79 168 173 318 151 9 423 183 276 300 96
319 288 286 300 294 258 328 313 748 245 323 289 690 322 271 272 326 327 304 321 310
320 50 181 100 1 127 294 286 258 237 98 222 117 204 151 168 69 15 318 210 9
321 50 181 1 98 121 7 204 172 237 222 168 117 318 79 173 69 210 286 258 294
322 50 181 100 286 294 288 127 121 237 56 300 7 174 98 222 117 172 204 257 405
323 286 313 748 269 328 302 1 237 323 289 7 257 222 276 301 15 271 307 275 321
324 300 313 269 302 748 333 50 323 289 245 322 271 100 181 237 272 332 327 326 319
325 1 56 174 121 7 204 237 222 117 173 79 318 286 69 258 294 405 288 151 423
326 100 174 204 121 7 222 318 117 423 405 195 151 191 202 28 357 176 257 197 15
327 181 258 237 7 117 257 79 151 168 15 276 118 313 111 22 195 748 194 483 427
328 181 1 286 294 288 258 237 7 174 117 257 405 151 15 276 318 313 173 168 210
329 258 313 1 237 748 302 328 121 222 257 323 289 9 15 268 56 275 405 301 98
330 127 56 174 121 98 7 222 204 258 294 79 288 173 257 423 183 64 96 191 9
331 50 181 100 286 288 294 258 127 300 237 121 56 98 222 174 117 313 172 257 204
332 50 286 294 100 258 237 7 222 313 174 98 15 748 269 151 25 275 111 328 475
333 50 286 288 294 258 181 1 237 313 121 7 748 222 117 302 257 56 328 9 174
334 294 1 313 117 748 9 15 405 151 25 79 118 323 69 322 64 742 96 423 546
335 286 294 258 313 302 748 323 289 301 268 690 340 272 332 326 321 50 304 327 319
336 181 127 56 174 98 7 222 237 172 79 69 318 423 258 183 286 257 96 15 64
337 181 100 1 294 286 288 258 237 7 56 174 117 300 98 405 172 9 204 276 79
338 50 181 100 1 127 98 121 286 258 7 288 237 222 172 117 318 173 69 210 300
339 100 1 127 174 121 172 237 318 210 294 405 64 96 15 216 202 89 9 276 25
340 100 56 98 127 121 7 172 237 222 168 69 117 210 79 318 405 151 423 183 258
341 300 286 294 328 258 313 333 302 307 269 748 245 690 323 301 289 332 268 340 322
342 50 181 286 1 258 127 121 237 300 7 56 222 117 405 313 276 151 172 204 275
343 181 127 56 98 286 294 258 288 204 172 79 405 168 173 151 210 15 300 9 183
344 294 300 121 56 98 174 257 9 276 15 748 405 302 275 328 475 79 318 289 168
345 286 294 127 7 222 56 257 276 151 748 172 204 275 302 118 475 328 168 289 323
346 50 1 56 174 121 204 222 237 117 69 173 286 258 423 96 64 257 191 195 15
347 50 288 222 257 405 151 9 313 318 173 275 25 210 111 269 64 302 191 195 328
348 50 288 286 258 181 300 1 127 237 748 117 269 222 257 302 328 276 9 15 56
349 50 286 294 258 181 300 1 127 237 313 7 117 748 222 269 257 302 9 328 56
350 50 181 100 1 294 258 288 121 7 237 56 222 300 117 204 257 405 9 151 276
351 288 294 313 302 333 269 748 690 289 268 271 272 327 321 331 751 319 292 315 682
352 50 100 1 127 56 121 237 286 258 294 288 222 204 117 168 318 405 69 151 257
353 288 294 328 302 269 748 323 307 289 301 690 322 268 271 272 321 327 50 304 319
354 50 1 286 127 294 288 121 237 56 7 98 174 300 117 172 204 405 15 79 69
355 288 294 328 258 313 333 302 307 269 748 690 245 323 301 289 332 340 268 322 326
356 288 300 328 302 269 333 323 245 289 301 690 268 271 340 332 327 304 321 319 50
357 288 286 50 300 181 100 313 127 269 328 302 7 222 257 323 289 276 9 333 15
358 50 181 98 56 100 1 204 172 168 127 210 121 69 79 423 173 7 183 222 96
359 288 294 258 300 100 748 127 269 328 237 302 121 323 7 289 333 257 222 245 276
360 286 288 294 100 300 237 121 7 222 117 313 98 257 269 9 276 302 151 172 275
361 50 181 100 1 127 174 7 294 222 204 288 172 117 318 405 69 151 210 257 15
362 288 286 300 294 269 333 307 289 301 690 271 340 272 326 327 304 50 310 319 751
363 127 286 294 121 117 204 300 405 151 318 168 173 15 210 276 25 275 118 111 64
364 300 258 328 313 269 748 333 323 245 307 289 301 322 271 340 50 272 332 326 327
365 286 300 313 328 748 302 50 333 323 245 307 322 181 127 690 1 272 319 678 327
366 50 181 100 1 174 127 172 204 121 168 222 79 69 173 210 318 237 117 423 405
367 181 286 294 1 127 121 300 237 7 222 98 117 174 257 313 172 204 405 15 9
368 1 258 294 121 286 56 174 237 222 117 204 172 300 405 79 257 168 151 173 318
369 288 286 294 300 258 313 328 269 302 748 333 50 323 245 289 307 301 322 271 690
370 50 1 127 286 258 121 288 294 7 237 204 117 300 318 168 79 173 405 257 69
371 100 1 56 121 7 222 172 117 286 168 294 258 318 173 288 405 151 257 15 191
372 50 294 258 300 181 127 313 1 237 748 121 269 302 328 222 117 257 276 9 289
373 181 100 1 56 98 121 7 222 237 210 423 183 405 151 64 191 216 294 258 257
374 127 286 294 258 121 98 300 405 9 276 210 118 275 313 748 269 22 191 202 357
375 50 181 100 1 56 127 174 98 121 7 172 237 204 222 117 168 294 258 79 173
376 50 286 294 288 258 300 1 127 121 7 313 117 222 269 56 257 748 9 276 302
377 288 286 300 328 269 302 50 333 289 245 307 181 322 301 271 127 237 690 1 272
378 181 127 98 7 237 222 168 288 183 64 15 195 216 276 118 202 89 357 28 144
379 100 174 121 7 237 222 258 117 168 288 79 318 210 405 423 15 64 22 216 276
380 50 181 100 1 127 56 204 237 294 117 288 79 318 173 210 405 257 183 64 15
381 50 181 127 56 174 98 7 237 294 286 258 222 288 172 204 117 79 173 168 405
382 181 100 286 288 294 1 300 121 237 222 117 174 257 313 405 15 151 748 269 275
383 50 181 288 294 258 1 127 300 121 7 222 56 117 98 174 257 269 276 15 748
384 288 286 294 302 269 748 323 307 245 301 268 690 322 271 340 272 332 326 50 321
385 50 1 98 121 7 237 222 168 79 318 117 69 423 151 294 258 64 288 96 191
386 288 286 294 258 100 300 1 237 7 313 222 257 269 748 276 9 15 56 302 328
387 50 181 100 127 7 237 222 286 69 405 210 257 15 300 423 9 64 276 96 118
388 286 300 50 328 269 748 333 100 181 289 245 127 1 268 322 271 257 7 690 117
389 1 121 172 7 222 237 79 318 210 117 183 405 151 96 195 22 202 89 258 294
390 288 286 294 300 313 302 269 748 333 323 50 245 307 301 268 322 271 340 272 321
391 50 181 1 121 56 7 98 117 172 257 405 151 15 79 168 210 313 275 25 118
392 294 100 269 302 748 328 1 237 323 121 245 7 322 117 301 222 9 307 15 275
393 50 100 1 127 56 286 174 288 98 237 7 300 79 151 173 69 276 183 191 216
394 50 100 56 127 98 7 237 173 318 258 286 64 195 22 191 15 202 216 9 118
395 288 286 294 258 237 7 222 117 269 302 276 56 9 405 151 323 275 289 25 111
396 288 294 286 258 50 313 748 269 302 181 323 289 127 268 301 307 257 7 117 276
397 294 258 300 1 313 237 269 121 328 222 257 289 276 323 9 333 15 98 245 405
398 1 98 121 172 7 222 69 210 318 117 423 405 183 151 258 96 286 294 191 22
399 100 56 174 7 204 172 237 318 258 294 286 183 257 96 191 216 202 118 89 276
400 300 258 302 333 323 245 289 322 268 271 50 340 272 326 321 327 304 319 751 678
401 50 127 258 288 56 7 98 222 117 300 405 79 9 276 15 168 313 118 111 183
402 100 288 294 127 300 121 117 56 313 98 174 257 405 269 275 172 302 79 328 318
403 286 294 258 300 313 748 269 276 302 328 15 405 56 98 174 25 275 323 289 118
404 288 286 258 301 690 322 268 271 340 326 327 304 321 319 50 751 315 292 682 303
405 216 195 238 183 474 496 173 186 196 71 172 135 153 99 96 133 144 215 197 739
406 100 127 117 286 258 405 288 423 257 195 89 118 111 300 234 483 135 475 603 82
407 50 121 7 222 237 117 79 318 294 64 22 15 195 216 9 276 357 275 234 111
408 294 258 313 328 269 333 323 245 307 289 301 690 268 322 340 272 332 326 50 321
409 294 258 1 121 237 56 7 222 117 172 204 313 257 405 151 15 269 173 69 210
410 288 294 258 302 269 748 333 307 245 301 322 268 271 332 272 326 327 304 321 319
411 100 1 127 56 174 121 98 7 237 294 204 286 288 79 173 69 151 257 15 183
412 50 181 100 127 121 286 98 294 237 258 7 288 222 204 405 79 168 300 210 151
413 288 294 313 748 333 323 268 322 127 237 301 1 307 121 257 340 321 272 276 678
414 288 286 258 328 302 269 333 323 245 289 307 268 322 50 271 326 332 321 327 304
415 50 286 288 294 300 181 100 1 127 313 237 121 7 222 302 117 257 56 98 276
416 181 258 127 222 98 313 15 9 151 204 79 318 118 111 210 183 22 89 323 176
417 237 204 79 69 258 210 405 318 151 423 183 257 22 9 216 276 25 275 357 28
418 288 286 294 333 748 307 245 323 289 690 301 268 322 271 340 332 272 326 327 321
419 181 127 294 258 288 121 56 98 7 237 174 222 117 172 204 318 151 79 9 168
420 294 258 50 300 181 313 1 269 237 748 328 121 7 289 117 222 257 323 333 276
421 50 181 100 1 127 286 294 288 258 121 237 56 300 222 172 204 257 405 151 9
422 286 300 313 127 269 748 328 121 7 117 289 9 245 268 322 56 301 405 475 25
423 288 294 313 245 289 50 301 322 268 271 321 332 319 304 181 1 879 331 303 257
424 286 294 313 328 302 269 748 333 245 307 268 322 301 690 271 340 272 321 181 327
425 286 313 237 328 9 276 289 15 275 151 268 245 25 475 111 204 301 173 69 742
426 181 56 1 127 172 121 168 7 69 210 173 79 222 237 183 423 117 64 195 405
427 288 286 294 313 302 333 269 748 307 323 690 289 301 340 326 271 272 327 310 331
428 286 300 258 328 302 269 333 748 289 690 301 332 327 304 321 310 319 751 292 678
429 1 121 237 168 79 69 210 294 286 151 288 183 96 191 195 9 118 25 176 28
430 50 294 258 1 313 121 269 222 302 328 257 15 323 98 289 405 275 174 333 151
431 288 294 258 328 313 748 333 289 301 268 271 340 272 326 327 304 321 50 319 310
432 286 258 300 181 1 313 127 748 269 328 302 117 276 323 289 9 333 245 268 405
433 288 286 258 313 328 748 333 289 100 268 181 301 307 237 127 271 1 340 272 321
434 288 50 286 294 258 300 181 100 127 313 121 748 269 7 117 222 328 302 257 276
435 50 127 121 237 286 258 172 204 64 276 96 118 22 275 176 28 475 197 483 135
436 181 100 1 121 56 237 7 294 286 258 222 288 117 204 172 168 405 79 173 69
437 50 1 127 174 121 7 222 173 79 258 294 405 151 288 423 257 64 96 22 195
438 288 294 258 100 313 127 748 328 302 7 257 117 323 222 289 276 333 268 322 301
439 286 294 258 50 181 100 313 1 269 748 127 328 302 323 117 289 333 222 9 245
440 288 286 294 302 269 748 333 245 307 289 301 690 268 322 340 326 332 327 321 50
441 286 258 328 269 302 748 50 333 323 289 245 100 268 181 301 307 322 271 127 237
442 50 1 127 258 286 98 7 237 204 300 257 173 151 318 15 9 183 118 423 25
443 288 300 258 328 302 269 333 323 245 289 50 301 268 322 690 272 332 321 326 304
444 288 286 294 313 328 302 269 333 323 307 289 301 268 322 690 340 332 327 326 321
445 286 294 258 269 328 323 289 121 322 301 117 276 222 271 307 15 321 275 690 678
446 258 328 313 333 323 301 268 271 332 272 326 327 304 310 319 751 331 315 678 879
447 127 237 7 300 174 257 172 15 313 25 275 318 173 111 168 210 269 475 64 423
448 288 300 294 328 313 748 245 323 690 289 301 322 332 326 271 272 327 310 331 751
449 50 286 294 258 181 100 300 1 127 237 121 313 7 222 257 302 56 328 174 98
450 127 56 7 204 117 173 405 257 183 22 9 276 202 234 12 475 135 496 97 82
451 294 328 258 313 307 301 289 340 271 272 310 315 751 303 750 678 347 270 305 895
452 1 56 174 172 222 173 117 210 405 151 258 96 22 257 9 357 176 28 118 194
453 50 1 127 121 294 286 7 237 222 204 405 79 257 300 173 318 210 15 9 25
454 50 100 1 127 121 56 294 288 7 237 172 405 168 300 151 257 9 276 183 64
455 50 288 294 1 127 300 237 98 9 748 405 151 302 275 204 328 79 111 173 69
456 181 174 7 172 237 117 173 318 288 151 183 257 64 96 15 195 202 276 89 118
457 181 100 121 98 204 172 286 210 423 183 96 191 300 195 176 28 475 197 194 427
458 50 294 258 121 237 7 300 222 257 172 15 151 313 79 173 168 269 210 111 748
459 288 258 300 100 313 269 237 302 7 257 276 9 268 56 25 475 151 307 118 321
460 288 286 258 300 50 328 269 748 323 333 181 245 268 237 307 271 121 690 9 340
461 288 286 300 258 313 328 302 748 333 323 245 289 307 268 322 301 271 690 340 272
462 286 294 258 302 269 748 333 323 245 307 50 301 268 690 340 321 327 304 319 181
463 294 300 748 181 328 100 127 237 323 289 333 245 322 301 276 9 222 307 271 321
464 313 50 269 323 289 100 245 268 301 127 237 1 271 690 340 321 272 121 319 7
465 181 1 56 121 237 294 258 288 222 204 172 117 168 79 173 405 69 210 300 15
466 286 294 300 313 269 302 748 100 323 289 127 245 237 1 322 301 121 307 271 257
467 288 286 294 300 50 313 748 100 328 237 323 333 289 121 245 268 7 322 117 301
468 258 288 237 117 172 204 300 405 257 151 79 15 276 168 210 183 111 313 191 202
469 50 181 100 1 56 174 98 121 7 237 204 222 172 258 294 117 288 173 318 79
470 286 300 50 313 748 269 302 328 127 237 323 121 289 333 7 245 117 276 268 322
471 181 100 1 127 121 56 174 98 237 7 222 294 288 204 286 117 258 173 168 318
472 1 127 56 98 7 237 294 258 286 288 210 151 318 15 9 276 300 25 191 111
473 286 288 294 258 300 50 313 181 100 269 748 1 328 237 121 323 289 7 333 257
474 50 1 56 98 121 7 172 168 79 405 183 423 276 300 25 202 118 28 194 475
475 288 294 300 328 748 333 323 245 289 307 268 322 301 690 271 340 272 321 332 181
476 50 181 100 1 174 98 127 121 204 172 7 222 168 237 79 173 210 69 117 318
477 50 181 100 1 127 286 288 121 258 7 56 98 222 174 300 117 405 172 257 204
478 50 181 100 127 121 56 174 237 294 286 258 117 172 405 69 318 151 257 173 210
479 50 100 127 286 237 56 7 98 172 151 15 9 276 168 69 313 25 275 111 118
480 181 286 1 288 121 7 300 174 222 117 204 313 405 276 9 151 15 318 173 168
481 181 1 127 121 286 294 56 258 288 174 237 7 222 117 172 204 300 405 257 79
482 300 328 302 748 333 323 245 307 50 268 322 690 271 340 272 332 327 326 304 319
483 100 288 286 294 258 127 300 7 222 56 117 98 174 276 15 151 172 204 269 748
484 100 127 286 222 294 288 117 405 168 318 210 257 300 9 276 64 22 191 118 275
485 300 258 302 269 333 323 307 289 690 322 268 340 271 272 332 327 321 304 50 310
486 294 313 328 323 289 301 307 181 271 127 1 340 321 272 678 326 304 751 9 117
487 181 1 127 121 7 294 288 172 168 405 69 210 151 15 183 9 64 118 275 202
488 181 100 1 286 127 121 237 7 117 172 204 257 405 151 15 276 168 313 275 25
489 300 307 690 332 271 272 310 321 678 305 346 259 50 343 242 306 311 299 237 887
490 288 286 294 300 313 748 269 328 121 323 7 289 245 276 222 268 322 15 301 275
491 50 288 294 300 181 1 313 121 748 269 117 222 302 257 328 276 9 56 15 289
492 50 181 100 1 98 174 121 7 237 258 294 288 222 204 117 168 318 79 173 69
493 50 286 294 237 313 222 269 117 748 302 328 9 276 15 174 289 151 172 111 333
494 288 258 300 313 7 269 302 117 328 257 276 56 98 174 405 275 151 333 25 268
495 100 174 7 69 318 237 117 405 64 191 22 28 194 197 234 15 257 132 118 483
496 50 181 100 1 127 121 172 7 69 79 210 237 318 117 423 405 195 191 216 202
497 181 1 56 127 121 168 117 69 318 405 151 423 183 64 286 22 191 216 15 202
498 1 127 56 286 294 117 318 300 405 173 151 257 69 15 276 275 183 25 96 118
499 50 286 288 294 181 1 127 237 121 222 269 174 748 302 9 276 15 328 405 151
500 100 286 127 288 121 56 222 174 257 151 276 15 79 318 173 313 168 69 25 269
501 288 286 50 258 300 181 1 313 748 269 121 328 302 7 222 323 9 289 15 333
502 286 294 258 302 269 333 748 323 245 289 690 322 268 340 332 272 326 327 304 321
503 1 127 294 258 288 56 98 7 222 117 300 405 257 151 168 15 9 276 25 118
504 50 181 100 1 174 172 7 222 168 237 69 173 79 318 117 405 64 22 191 258
505 100 1 286 288 222 117 405 257 318 168 15 69 9 276 275 25 118 64 111 191
506 50 181 100 1 127 56 98 121 7 237 222 172 286 258 117 288 173 318 210 405
507 288 286 258 269 289 301 322 268 271 340 272 332 326 327 304 321 319 310 100 181
508 50 100 127 56 174 98 121 7 237 222 117 168 294 258 286 318 288 405 257 64
509 286 258 313 748 269 333 323 245 322 271 340 332 272 326 321 304 327 678 315 292
510 328 313 302 269 323 307 301 690 268 271 340 332 272 326 327 304 321 50 319 310
511 288 300 286 258 328 313 302 269 748 245 307 323 289 301 690 268 322 340 332 272
512 288 294 50 300 181 100 1 127 269 748 237 328 121 7 323 289 117 222 333 257
513 50 286 288 294 100 1 300 237 7 222 117 313 56 748 98 269 276 9 15 174
514 1 286 288 127 121 7 56 300 174 117 172 9 151 276 318 173 168 475 64 183
515 288 269 333 323 245 301 690 268 340 272 327 304 321 310 319 751 331 678 50 879
516 50 288 294 100 258 1 127 300 121 237 7 56 222 117 313 98 174 257 269 9
517 288 286 258 313 181 100 1 127 302 121 333 323 289 7 222 257 245 276 9 268
518 50 286 294 258 181 300 127 313 748 257 269 276 302 15 328 56 275 323 98 174
519 288 300 328 286 294 307 302 258 690 245 269 323 301 326 289 310 331 322 327 272
520 288 286 258 313 328 748 333 323 245 307 301 322 268 50 690 271 340 272 332 326
521 50 1 294 121 286 237 98 300 151 15 318 9 276 210 118 111 275 183 313 64
522 50 181 1 56 127 98 174 121 204 7 172 237 222 168 69 117 210 286 294 258
523 181 100 127 286 294 288 258 121 237 98 7 174 222 117 300 204 172 405 151 318
524 1 121 286 222 258 294 204 172 288 318 257 15 9 300 183 276 275 195 25 118
525 50 294 286 258 300 127 237 313 748 269 117 222 328 302 257 9 323 56 333 275
526 286 294 328 289 268 301 322 100 181 340 237 321 327 326 319 304 276 257 310 315
527 1 98 121 237 222 286 294 258 117 288 79 318 173 405 151 257 15 64 276 22
528 100 1 127 286 121 294 288 237 98 7 222 117 172 300 204 405 257 79 151 173
529 286 313 302 269 748 289 271 340 332 272 326 304 321 310 751 50 678 315 879 303
530 181 100 286 288 294 258 1 127 300 121 7 222 117 313 257 9 405 276 15 172
531 288 286 294 258 313 328 269 333 307 245 323 301 268 322 271 340 326 272 304 321
532 50 286 288 294 258 127 237 222 313 56 98 174 257 269 748 276 405 15 172 151
533 286 294 7 174 300 117 172 15 79 173 210 118 475 183 269 748 89 216 302 202
534 258 50 181 100 313 127 237 269 328 302 117 257 323 222 289 333 9 245 268 275
535 1 127 172 222 117 294 286 69 288 405 151 183 257 15 96 191 22 9 216 202
536 50 100 98 127 121 7 237 168 173 117 423 151 183 96 64 258 294 286 216 257
537 50 181 1 121 7 117 174 257 9 15 748 118 423 195 742 282 322 546 268 28
538 181 1 98 7 286 258 222 288 79 168 173 405 151 257 300 15 9 276 64 25
539 181 100 1 294 258 288 121 98 237 174 7 222 117 172 300 405 257 151 318 79
540 288 258 300 313 1 748 127 328 237 302 121 289 117 9 268 322 301 275 271 307
541 100 127 56 98 7 237 222 117 294 286 79 69 210 318 288 183 64 96 22 9
542 50 127 56 174 98 7 222 204 294 286 258 117 79 405 173 318 69 210 151 257
543 50 181 100 1 56 127 121 172 7 222 237 173 79 183 405 151 22 202 258 286
544 258 269 333 307 323 245 289 268 322 690 340 332 272 327 321 319 50 751 678 292
545 50 100 56 127 7 172 237 79 318 294 286 288 423 183 64 191 15 216 202 9
546 286 100 1 748 127 269 302 328 237 323 289 333 117 222 257 245 276 268 9 15
547 288 286 300 258 302 269 748 323 245 307 268 690 322 271 50 272 326 327 304 751
548 258 269 100 328 127 289 268 257 301 222 307 321 275 340 319 475 111 25 327 56
549 294 286 258 100 1 300 7 222 117 313 257 748 269 276 9 15 56 302 98 328
550 286 258 328 269 302 333 289 245 322 268 100 181 307 127 1 690 321 340 272 678
551 100 1 294 288 98 117 257 151 15 168 173 276 210 118 25 275 313 111 191 269
552 50 300 100 313 1 127 269 302 328 222 289 276 9 333 245 268 275 301 111 151
553 98 127 121 204 172 7 222 237 168 318 173 79 69 210 117 183 405 286 64 258
554 181 100 127 286 258 237 300 257 151 79 69 173 276 168 210 25 183 64 96 22
555 50 286 294 300 100 1 127 237 313 7 222 257 276 9 15 56 323 289 98 275
556 50 288 258 181 100 300 1 237 313 121 7 269 748 222 117 302 56 257 328 98
557 288 286 258 313 328 269 302 748 333 323 245 268 100 301 181 237 690 340 1 321
558 288 294 258 50 300 313 181 100 748 328 302 1 127 237 121 323 7 289 333 257
559 50 181 100 1 286 288 294 258 121 98 237 7 222 117 172 405 79 257 168 173
560 50 288 286 294 300 181 1 237 313 748 269 117 328 9 276 15 323 289 56 405
561 100 1 127 174 204 172 237 294 151 288 257 9 89 202 118 357 275 28 111 300
562 100 127 121 7 237 222 172 258 294 117 288 168 69 405 210 151 257 423 183 15
563 288 286 258 100 1 300 127 121 7 222 117 313 56 174 748 98 269 9 276 15
564 288 286 294 328 269 748 245 100 268 322 301 307 237 271 127 1 690 340 321 678
565 50 181 100 174 56 1 98 127 204 172 121 168 7 173 69 318 210 222 237 79
566 181 100 1 56 174 172 237 222 168 79 318 286 294 258 151 183 257 195 216 9
567 100 98 121 286 258 294 237 288 222 204 172 117 173 405 69 210 300 151 257 15
568 50 181 100 1 56 98 174 121 7 237 204 172 222 294 258 288 117 318 168 173
569 286 294 313 181 269 127 121 323 289 7 117 245 9 222 322 15 271 307 275 678
570 286 300 294 258 313 328 269 333 323 307 289 322 271 50 272 332 304 319 310 751
571 50 100 1 127 56 121 98 174 7 286 237 294 258 288 222 204 172 117 318 79
572 288 294 258 50 300 181 313 748 269 1 127 328 237 302 323 7 117 257 333 222
573 50 181 100 1 56 121 98 7 237 222 258 294 288 204 172 117 168 173 405 318
574 294 258 313 302 748 307 323 690 301 268 322 271 332 272 326 304 751 315 292 678
575 50 100 286 288 1 258 121 237 300 7 56 222 174 117 257 172 204 405 313 9
576 50 286 288 258 300 181 127 313 237 121 748 269 117 302 222 328 9 289 405 333
577 50 98 127 7 222 69 405 258 195 286 257 288 89 9 25 276 357 144 197 275
578 286 313 328 748 302 269 50 333 289 268 322 307 301 100 181 271 690 237 127 340
579 181 258 127 300 237 121 222 117 174 313 257 9 276 405 15 151 748 172 275 302
580 294 258 50 181 313 748 269 127 237 328 302 7 117 333 222 276 9 245 268 322
581 286 288 294 258 300 50 313 181 748 328 302 1 237 121 323 289 333 7 257 117
582 286 181 269 328 127 302 237 323 289 333 117 245 276 9 322 301 275 307 405 678
583 50 181 1 127 294 288 121 237 56 7 98 174 222 117 300 172 204 257 405 151
584 50 100 1 127 294 121 258 286 288 237 56 174 7 98 117 172 300 204 405 257
585 174 98 56 50 204 168 172 181 210 173 69 318 100 423 183 64 1 202 79 191
586 181 100 1 174 98 121 7 222 168 258 294 405 286 151 288 96 64 15 191 216
587 288 300 333 748 245 289 310 321 331 751 678 303 347 270 346 50 242 324 311 306
588 127 204 117 294 286 168 173 69 405 257 423 183 15 96 9 191 22 64 276 195
589 288 300 294 258 302 269 748 307 245 690 332 327 321 319 50 331 315 292 879 303
590 288 294 50 258 300 181 313 1 269 748 121 302 328 7 117 222 257 276 289 323
591 50 181 100 1 127 98 121 174 7 237 222 204 286 294 258 172 117 288 405 173
592 300 50 328 245 322 15 275 56 321 25 111 340 272 690 751 118 304 326 742 282
593 50 127 294 288 258 7 174 98 222 172 300 257 151 69 168 118 275 423 64 475
594 288 294 258 300 313 181 748 328 302 1 127 237 323 333 289 121 7 257 268 117
595 288 286 294 300 313 748 100 269 328 302 1 237 323 289 333 245 322 7 117 257
596 288 748 302 269 333 50 245 307 322 268 301 271 690 100 181 340 272 237 127 321
597 288 286 258 313 748 269 302 181 100 333 289 237 245 322 268 121 301 307 271 257
598 288 294 328 302 333 307 323 245 289 301 322 268 271 340 332 272 326 304 327 321
599 286 258 300 50 313 328 269 181 302 100 323 127 333 289 121 268 322 257 301 7
600 100 98 1 204 121 168 7 69 173 222 318 423 237 117 195 64 405 22 151 216
601 1 121 237 7 286 258 117 79 300 69 210 276 25 118 423 64 275 111 22 96
602 288 286 294 258 300 313 328 269 302 333 100 323 289 245 127 268 322 301 307 271
603 1 127 258 286 294 288 121 237 56 98 222 117 300 204 257 405 151 79 15 173
604 50 181 1 121 258 286 174 294 288 237 222 117 172 204 405 300 79 173 257 151
605 50 258 181 313 748 7 328 222 257 56 15 289 323 174 333 275 151 322 268 245
606 50 286 258 204 405 151 300 318 210 9 276 25 423 118 64 275 22 195 313 357
607 50 181 286 1 294 258 288 127 237 7 98 300 222 117 172 257 204 405 9 276
608 181 100 1 258 121 237 7 222 117 405 257 151 173 69 210 15 9 276 183 25
609 286 294 300 328 269 302 748 333 245 323 307 289 301 268 322 690 50 271 340 272
610 181 100 286 258 121 300 237 222 98 174 117 257 9 405 151 15 269 173 748 168
611 288 294 258 328 302 333 269 748 245 323 289 268 322 271 332 326 327 304 310 321
612 288 286 294 50 258 181 100 313 127 269 748 121 328 302 222 257 323 289 276 333
613 50 286 288 294 181 258 100 300 237 121 7 117 222 313 56 257 269 98 276 748
614 50 288 258 300 181 100 1 127 237 121 313 748 269 222 302 328 257 15 323 56
615 50 181 100 288 258 1 121 7 56 222 98 117 174 313 257 9 276 15 172 748
616 294 313 748 289 690 322 268 271 340 332 326 304 321 310 319 50 751 678 315 879
617 50 181 100 1 56 174 127 121 204 172 168 222 237 79 69 173 318 210 117 183
618 98 121 172 222 117 79 210 405 294 286 258 151 288 257 96 22 191 195 216 276
619 50 286 258 100 1 127 237 121 7 222 269 748 257 98 174 276 9 15 151 275
620 294 258 286 127 237 56 222 117 172 405 257 204 9 276 79 318 173 69 168 210
621 127 121 294 288 258 286 237 56 98 174 172 204 79 15 168 69 9 318 210 111
622 50 100 98 174 7 237 173 79 318 151 64 96 191 216 258 294 202 286 288 357
623 181 100 1 294 288 56 237 7 174 98 222 117 300 172 405 257 151 9 276 168
624 286 300 50 269 181 323 289 127 322 307 271 7 9 222 272 340 15 751 304 332
625 1 127 56 98 286 7 237 288 117 79 318 173 151 257 69 15 9 276 118 275
626 300 313 302 269 245 307 289 301 322 690 271 340 50 326 321 304 319 751 678 310
627 50 181 100 1 127 56 98 237 204 222 294 286 168 173 405 151 257 15 191 216
628 286 258 313 328 302 748 269 323 307 245 289 301 690 268 322 271 340 272 332 327
629 294 181 100 1 127 237 121 313 222 56 269 748 257 302 15 405 328 151 172 25
630 286 237 121 313 117 222 748 269 328 302 56 405 98 151 275 289 475 333 268 245
631 288 300 258 328 302 269 748 333 245 690 268 322 271 340 272 326 327 304 321 319
632 50 100 1 127 98 121 222 286 294 117 168 318 405 151 257 15 9 300 118 216
633 50 181 100 1 127 286 294 258 288 174 7 222 117 204 257 151 173 168 210 15
634 294 258 300 181 328 302 121 289 245 257 268 9 301 271 307 678 321 151 319 56
635 288 286 294 258 313 328 302 333 323 245 289 50 322 690 271 340 272 321 326 327
636 288 286 294 50 300 181 1 127 313 237 269 748 328 302 7 117 222 257 276 323
637 288 286 294 258 50 313 100 748 269 302 1 127 323 333 117 276 9 222 301 271
638 50 181 1 56 7 237 222 286 294 258 117 288 79 318 173 210 69 405 151 257
639 50 181 1 127 56 98 121 286 258 294 7 288 222 172 117 318 79 69 405 151
640 50 181 100 286 1 288 294 258 127 121 237 300 7 56 98 222 117 257 172 405
641 286 288 294 181 100 1 300 127 237 121 7 222 313 56 117 98 174 269 257 748
642 50 100 174 56 98 127 172 7 69 222 210 79 173 183 151 22 202 176 144 194
643 181 100 121 237 222 294 168 286 258 69 318 151 257 15 64 9 191 22 216 25
644 288 286 294 313 302 269 50 245 289 307 301 268 322 271 690 340 181 272 321 327
645 181 100 1 127 121 7 204 237 222 117 294 79 318 69 210 405 151 423 257 96
646 288 300 258 313 302 269 333 245 289 301 268 322 271 340 326 327 321 331 292 50
647 50 181 100 1 127 286 258 288 56 7 98 222 204 172 151 318 276 9 168 69
648 50 181 100 56 174 7 237 258 288 172 79 405 168 318 151 257 300 276 64 25
649 286 288 294 258 300 100 313 237 748 269 121 328 7 302 222 276 9 289 15 333
650 174 121 204 7 237 69 210 117 318 183 405 294 286 64 288 195 191 202 15 9
651 288 286 300 258 313 328 748 333 323 245 307 289 301 268 271 50 340 272 332 326
652 288 258 313 50 269 302 289 181 100 322 268 301 307 127 237 1 271 690 340 272
653 56 121 237 173 258 151 288 183 216 89 9 276 25 176 275 135 483 12 82 427
654 50 100 286 294 1 127 7 56 117 174 257 9 276 15 269 173 475 64 328 183
655 181 56 174 117 79 151 168 173 25 118 183 22 191 475 748 89 357 302 234 194
656 288 286 294 258 328 313 748 333 245 323 307 289 690 268 271 332 304 321 50 319
657 288 50 313 328 748 269 302 100 181 323 333 127 289 237 245 268 322 121 307 271
658 181 286 121 294 288 258 237 174 222 300 172 204 405 15 79 318 173 69 210 275
659 100 1 98 222 237 168 173 79 318 117 405 423 151 286 22 288 89 15 9 28
660 127 174 7 237 258 286 288 79 69 257 183 15 9 22 191 300 195 276 25 89
661 50 100 1 127 286 258 288 56 7 98 237 172 405 257 151 15 9 276 25 275
662 288 294 258 300 313 269 328 748 302 323 333 289 245 181 237 301 322 127 1 307
663 50 300 181 127 269 302 121 257 222 276 245 301 275 271 475 174 118 340 690 751
664 181 7 237 204 294 258 288 117 168 79 173 69 405 257 15 423 9 96 300 195
665 288 258 1 127 300 222 174 276 15 269 172 204 275 302 25 111 118 318 475 328
666 50 100 1 117 204 79 257 173 210 9 15 276 275 64 22 313 475 216 357 269
667 50 286 288 294 258 181 100 300 1 127 237 121 7 313 222 117 56 748 257 174
668 288 294 300 313 328 748 245 268 301 100 322 181 237 127 690 1 321 319 327 678
669 50 286 288 294 300 100 1 237 7 269 748 328 9 98 15 174 289 405 275 151
670 50 181 100 1 56 98 174 127 121 204 7 172 237 173 79 210 69 318 117 286
671 181 100 1 127 56 174 7 222 172 294 286 168 173 69 318 151 423 183 15 64
672 288 286 294 50 258 300 100 1 313 748 121 328 302 7 117 222 257 323 9 276
673 288 328 302 748 333 245 289 268 690 271 340 50 272 332 304 319 751 678 331 879
674 288 286 258 300 100 748 269 237 328 302 121 7 289 333 276 9 245 268 322 301
675 288 294 300 258 313 328 302 269 748 333 323 245 289 307 268 301 322 690 50 271
676 294 258 302 333 181 323 289 245 127 322 268 237 301 307 690 121 340 321 276 7
677 258 300 313 50 328 269 302 333 289 100 181 301 237 127 1 271 690 121 340 321
678 50 286 288 294 258 300 313 121 748 269 222 257 302 328 9 56 289 323 275 405
679 50 181 127 288 258 121 237 7 98 117 300 172 405 257 151 79 318 9 15 276
680 288 258 181 300 1 127 237 313 748 222 257 302 328 276 56 98 174 405 275 323
681 300 328 313 302 333 748 269 307 245 323 301 268 322 271 332 340 272 326 304 327
682 100 127 174 294 258 286 204 172 69 9 423 276 118 191 275 195 89 197 194 483
683 300 294 333 301 271 50 340 332 326 304 319 751 310 331 292 100 181 237 303 750
684 181 100 127 56 174 7 294 222 258 286 288 117 172 204 405 79 69 318 257 300
685 300 294 258 328 313 269 333 748 307 323 245 690 301 322 268 340 271 332 272 326
686 50 181 100 1 56 121 7 237 172 222 258 286 117 294 288 79 173 69 210 405
687 300 258 328 302 269 333 245 307 289 301 322 690 271 50 272 332 326 327 304 319
688 288 300 286 294 328 258 313 333 302 307 269 748 245 690 323 301 289 268 322 340
689 288 286 294 100 313 748 269 127 302 7 323 289 257 222 333 276 245 9 268 322
690 50 181 100 1 174 204 172 7 222 173 117 318 405 423 183 151 96 195 191 22
691 181 100 127 174 121 7 237 222 172 204 286 258 288 117 168 69 173 210 151 405
692 50 286 288 181 258 1 127 237 121 7 222 117 313 56 748 276 269 9 98 15
693 50 100 1 127 7 204 237 222 168 173 318 210 69 258 294 286 405 288 183 151
694 1 56 127 172 7 168 222 173 79 237 117 423 405 151 96 64 191 257 176 258
695 300 286 294 258 313 333 269 245 301 690 268 322 340 271 332 272 326 327 304 321
696 288 286 300 294 258 328 269 333 323 289 301 268 690 322 271 50 340 272 332 326
697 288 258 313 328 269 333 289 100 322 237 271 690 340 272 321 678 257 319 327 9
698 50 181 127 56 98 7 237 286 172 204 288 117 79 318 173 69 405 210 151 15
699 313 100 302 237 289 245 322 257 301 15 678 321 690 272 25 327 751 326 56 332
700 100 1 127 121 294 286 288 174 258 7 237 117 172 204 405 300 79 151 257 168
701 288 286 294 258 302 748 323 245 307 301 268 322 271 340 272 321 332 326 327 100
702 288 286 294 258 328 302 269 333 323 245 289 301 268 322 50 340 272 332 326 321
703 288 286 50 181 100 313 748 269 121 302 7 117 276 289 333 245 268 405 275 56
704 181 1 127 258 288 294 121 56 237 7 174 300 117 204 257 405 151 79 9 313
705 181 100 56 174 98 127 121 7 204 237 117 168 210 318 294 258 288 216 89 202
706 286 300 181 313 127 748 269 328 302 121 117 222 289 257 276 268 15 322 301 275
707 50 181 1 127 294 288 258 121 237 7 56 98 300 222 117 204 257 405 151 276
708 288 286 294 50 302 100 333 323 237 245 301 257 7 307 117 9 15 321 678 272
709 181 100 121 98 237 222 204 294 258 286 168 318 151 257 15 64 191 276 9 25
710 288 286 258 237 269 748 121 328 7 222 117 257 289 323 276 9 56 15 245 322
711 50 100 1 127 121 294 56 98 174 237 7 222 117 204 300 405 318 257 173 69
712 174 98 56 100 204 1 168 69 210 79 121 127 318 183 7 216 222 96 64 191
713 288 300 294 328 258 313 333 748 245 690 323 301 289 332 268 340 322 326 271 304
714 288 286 50 258 300 100 1 127 313 269 7 302 328 117 222 15 333 245 275 268
715 1 127 294 258 286 173 210 151 257 423 15 9 191 118 25 202 111 275 300 357
716 50 100 1 7 237 210 423 286 258 294 288 257 216 15 89 9 357 118 276 28
717 286 294 50 181 323 289 1 257 690 117 276 321 9 272 678 319 15 304 332 275
718 288 286 294 50 258 181 100 1 313 127 237 748 269 328 302 7 117 257 276 9
719 50 181 100 1 286 121 288 258 56 7 174 222 117 172 204 405 257 151 15 173
720 288 300 294 328 748 307 245 323 289 301 690 322 340 271 332 326 327 310 751 331
721 286 258 313 269 100 181 1 301 307 271 121 340 272 257 7 276 9 117 678 751
722 288 258 300 50 181 313 748 1 269 127 302 121 323 289 222 257 276 245 9 268
723 50 288 294 181 100 300 127 237 121 313 7 117 222 269 257 56 302 276 328 98
724 294 258 313 690 340 271 310 321 292 315 319 879 303 678 270 243 325 343 324 306
725 288 300 313 328 302 748 269 333 50 323 289 307 268 271 181 690 237 340 321 127
726 288 286 258 300 313 50 328 748 269 302 333 100 289 181 245 237 268 322 301 127
727 50 1 127 121 98 237 222 204 172 117 173 286 288 318 151 423 257 183 96 15
728 288 294 258 300 50 313 328 269 302 181 127 323 333 237 1 245 268 121 301 7
729 288 286 300 258 302 269 323 307 245 289 301 690 322 268 271 340 332 326 327 304
730 288 286 50 313 269 302 333 323 289 127 245 268 307 271 257 276 117 9 222 690
731 50 181 100 174 98 121 172 7 168 222 79 173 210 318 117 423 405 64 151 96
732 300 258 328 313 302 333 748 307 323 289 301 268 271 340 272 326 327 310 319 751
733 288 300 50 313 181 748 269 328 1 121 323 289 333 257 276 268 222 322 15 301
734 181 100 1 127 56 121 174 7 286 237 258 288 204 117 318 168 69 79 405 151
735 286 294 50 313 328 302 323 333 289 1 268 322 307 271 121 257 9 117 321 690
736 288 286 258 300 313 50 328 269 302 333 323 100 289 245 268 237 301 322 127 307
737 50 181 1 286 121 294 288 56 98 237 7 117 172 300 204 405 79 257 151 318
738 50 181 100 237 222 294 286 288 204 117 69 210 151 257 15 183 300 9 276 25
739 50 294 258 300 181 100 1 127 313 237 269 121 748 302 7 328 222 117 257 56
740 288 313 269 333 323 245 307 289 301 268 690 340 272 327 321 304 50 751 310 678
741 181 100 1 127 56 98 237 222 258 294 286 117 168 69 405 318 210 257 183 9
742 288 286 294 258 300 1 313 121 269 748 302 328 257 276 9 15 56 323 289 405
743 294 258 313 328 333 50 323 245 307 322 271 690 100 272 127 237 326 327 332 304
744 286 181 294 258 288 100 1 300 237 121 7 222 313 56 117 98 174 257 269 276
745 50 100 286 121 294 288 56 237 117 172 300 204 405 257 151 79 15 173 318 69
746 50 100 98 121 7 237 222 117 168 173 79 69 318 258 294 286 151 288 183 423
747 56 98 121 237 222 294 173 69 405 151 257 423 15 9 64 96 300 191 276 89
748 181 100 127 121 98 286 294 288 7 222 117 172 405 300 257 151 173 210 15 9
749 174 7 222 294 258 286 117 288 318 69 257 276 22 300 275 28 475 12 427 97
750 286 294 328 313 302 333 323 307 245 289 690 322 268 340 332 272 326 321 310 319
751 127 56 174 98 294 286 258 7 288 222 168 318 173 69 151 15 9 276 423 183
752 294 328 302 269 245 301 268 304 310 321 331 319 292 682 879 303 347 270 305 895
753 288 100 258 1 127 237 121 7 56 222 117 98 313 257 9 276 15 748 405 172
754 288 294 258 300 50 313 748 181 269 100 302 237 1 323 333 289 245 121 268 322
755 294 328 313 302 333 307 289 301 690 322 268 271 332 326 272 321 319 751 331 678
756 181 127 56 98 174 7 237 294 286 288 204 172 405 168 69 318 257 15 300 276
757 127 286 294 258 121 237 7 117 300 15 318 9 25 118 275 313 111 64 475 191
758 100 288 1 127 7 222 174 257 9 15 204 151 269 79 275 318 25 111 475 328
759 288 286 294 300 50 313 100 269 302 237 323 333 289 245 268 322 7 117 276 301
760 181 100 1 127 294 286 258 121 56 7 174 222 117 405 257 151 79 318 69 15
761 286 258 300 313 748 328 269 100 302 323 333 245 121 268 322 257 301 276 117 307
762 288 286 294 258 50 300 313 181 100 748 269 1 127 328 121 289 323 7 333 257
763 181 174 98 121 7 204 172 117 79 318 294 258 210 405 288 423 183 257 15 96
764 50 181 286 294 288 127 258 222 300 257 172 204 79 313 168 111 210 748 475 269
765 181 294 288 100 258 1 300 121 7 117 313 56 257 98 9 174 276 269 748 405
766 181 100 56 1 204 121 7 210 222 79 237 117 96 405 195 64 191 151 202 28
767 50 181 1 127 286 56 258 294 121 174 288 7 237 204 117 300 318 168 79 173
768 286 294 258 181 748 328 1 127 302 323 289 7 333 257 276 9 268 322 271 307
769 50 288 286 294 258 181 100 300 127 7 313 117 222 257 276 9 15 302 328 56
770 286 294 258 313 50 269 100 333 323 245 127 237 268 1 322 307 271 121 276 7
771 50 181 100 286 288 258 127 300 121 7 56 117 98 174 257 9 276 405 269 151
772 286 258 269 333 307 289 301 690 268 271 340 332 326 327 304 50 319 678 315 292
773 181 100 127 98 174 121 237 222 172 258 294 117 173 79 69 405 210 151 257 15
774 1 174 127 121 204 237 173 405 423 151 96 195 216 258 191 286 257 15 288 28
775 288 286 294 328 269 748 245 323 289 301 268 322 340 271 332 272 326 304 321 319
776 50 181 174 56 100 1 204 172 173 210 121 69 79 423 183 222 96 64 216 202
777 50 181 288 258 294 121 237 56 7 98 174 300 222 172 257 405 151 79 318 276
778 50 181 100 1 127 56 98 121 172 237 222 168 173 210 318 405 258 294 151 286
779 288 286 100 127 313 237 121 748 269 7 302 328 222 276 9 323 289 333 405 56
780 181 100 1 127 258 288 121 56 98 174 237 7 222 117 172 318 168 257 405 173
781 50 294 300 1 237 313 121 7 269 748 222 117 257 328 98 276 9 174 15 405
782 332 313 331 304 258 327 272 315 305 303 347 358 311 319 299 344 880 342 259 306
783 286 300 294 328 313 302 748 245 323 289 690 268 322 271 340 332 272 326 327 304
784 288 300 294 328 748 245 289 301 322 271 340 332 326 321 50 319 879 303 682 750
785 50 286 294 258 181 100 300 127 237 121 7 313 222 117 56 269 748 257 98 174
786 100 56 294 258 288 168 79 173 151 210 257 15 423 276 300 64 96 22 25 118
787 300 286 258 690 323 301 289 332 340 322 326 272 304 327 321 682 315 879 319 303
788 50 181 127 204 172 222 168 173 69 210 294 151 286 423 288 257 191 15 216 202
789 286 50 258 300 181 100 313 237 748 269 121 328 302 7 117 222 257 323 276 289
790 50 100 127 121 204 294 286 318 151 257 423 64 9 276 22 118 195 216 300 111
791 288 258 313 333 323 289 307 268 690 271 340 272 321 327 326 100 678 751 237 310
792 50 288 286 294 258 181 100 300 1 127 313 117 222 257 748 269 9 302 56 328
793 288 286 258 300 127 313 748 269 302 328 9 15 289 56 323 275 151 98 25 174
794 50 286 288 294 258 300 237 313 121 7 748 117 302 222 328 9 276 15 56 289
795 181 1 56 127 174 98 237 69 318 294 258 286 288 183 64 96 15 22 195 216
796 56 98 7 204 117 288 168 405 257 183 9 276 25 111 176 197 144 194 475 427
797 288 294 258 300 313 302 333 323 245 289 268 301 322 181 100 271 690 237 127 340
798 50 100 56 127 121 7 237 69 79 117 318 183 96 195 64 216 22 89 294 258
799 288 294 300 313 269 302 328 748 100 181 333 289 323 1 237 245 322 268 121 301
800 288 286 258 100 313 269 748 328 302 323 7 117 333 276 245 9 268 322 301 275
801 288 286 258 328 748 269 333 323 289 690 322 340 272 321 304 327 50 319 310 751
802 288 50 181 100 313 127 1 269 237 328 121 117 222 323 289 257 333 9 276 245
803 288 294 258 313 328 302 269 333 323 245 690 301 322 268 272 332 326 327 310 319
804 181 100 1 127 174 121 7 237 204 117 258 286 69 318 15 64 9 276 216 118
805 98 237 294 286 79 405 168 69 318 257 15 300 183 276 64 25 118 275 176 144
806 50 127 286 294 288 237 7 98 300 117 172 151 9 15 276 173 69 313 275 25
807 100 56 98 127 121 7 222 237 69 318 423 183 294 96 286 64 191 216 288 15
808 294 258 328 269 748 323 245 307 289 301 268 322 690 340 272 332 326 50 327 321
809 288 286 300 294 269 748 323 245 301 268 690 271 340 50 332 326 327 321 304 751
810 286 258 313 302 748 245 307 289 301 690 268 322 271 340 332 272 326 327 50 319
811 288 286 328 313 302 269 333 307 245 323 268 322 271 340 332 272 326 327 50 319
812 258 313 302 269 323 307 289 301 690 268 322 271 332 340 272 326 327 304 321 310
813 288 286 258 328 313 302 333 269 748 245 323 289 301 268 322 332 340 271 272 327
814 50 181 1 127 121 174 258 294 237 286 288 222 204 172 117 79 168 405 69 173
815 50 181 100 56 174 121 237 168 173 318 151 64 191 195 22 286 294 288 15 357
816 286 294 328 302 269 748 333 307 245 289 301 268 322 271 340 272 327 304 321 50
817 288 286 50 313 748 269 302 181 100 333 323 237 127 245 268 322 301 307 271 257
818 294 258 328 333 748 307 323 289 690 301 268 340 272 332 326 327 304 321 310 751
819 288 286 294 258 313 328 748 269 333 323 50 289 307 322 301 690 271 340 100 272
820 300 294 258 302 269 748 323 245 307 322 268 690 50 340 272 326 332 321 327 304
821 50 100 286 127 288 258 7 222 98 300 257 204 172 9 276 318 313 168 69 173
822 50 288 294 286 258 181 100 300 127 121 237 313 7 222 117 269 748 56 257 302
823 50 100 121 204 222 168 173 117 405 151 258 64 191 22 288 195 257 15 9 118
824 300 258 313 328 302 269 333 323 307 301 322 690 271 340 50 272 332 326 327 678
825 288 258 50 300 313 1 237 269 328 302 323 222 276 333 15 268 405 301 56 151
826 181 100 174 98 121 7 204 172 222 237 168 117 173 79 69 210 318 405 294 286
827 294 258 328 748 323 307 690 322 268 271 340 326 50 327 304 321 319 310 751 678
828 286 294 258 300 50 313 328 748 100 181 333 127 289 323 1 237 245 268 301 121
829 50 288 181 100 300 127 121 7 269 117 748 302 56 9 328 276 15 98 174 405
830 181 98 121 7 237 222 294 286 258 117 168 79 405 173 69 210 318 257 423 64
831 286 258 269 302 289 245 127 322 1 268 121 690 272 257 321 276 9 678 319 222
832 300 328 302 269 333 323 289 50 301 268 690 271 340 272 321 332 304 327 678 751
833 100 1 56 121 7 237 222 172 286 258 294 117 173 210 318 257 423 15 9 276
834 300 313 50 328 748 269 302 333 289 245 237 268 1 322 301 271 121 690 257 7
835 181 100 121 56 237 7 258 222 172 117 318 168 79 173 151 300 9 276 64 96
836 50 294 258 300 181 100 127 1 313 237 748 121 7 328 222 117 257 9 276 323
837 50 288 300 100 1 127 121 313 7 748 269 117 222 328 257 302 9 15 323 289
838 288 294 127 121 237 222 56 117 98 405 15 151 269 79 318 25 475 118 168 69
839 288 286 294 258 300 313 181 100 269 748 328 302 1 237 323 289 245 268 322 222
840 1 174 204 222 237 173 79 318 286 294 258 183 151 288 191 195 257 15 9 276
841 300 294 328 313 302 269 245 289 690 301 268 271 340 332 327 304 321 310 319 331
842 300 286 294 258 748 307 245 323 690 301 289 268 322 271 340 332 326 327 304 310
843 100 1 174 7 168 237 117 318 405 64 258 294 286 22 257 202 288 15 176 118
844 100 1 127 121 286 288 237 7 56 98 204 405 257 79 15 9 168 69 276 25
845 288 300 294 328 258 333 302 307 748 245 323 301 332 289 322 326 271 310 327 331
846 50 100 1 127 121 69 79 7 423 222 195 64 202 191 22 237 117 405 151 28
847 100 1 127 121 56 294 286 237 288 258 222 405 300 318 173 69 15 9 276 64
848 100 1 56 98 121 7 222 237 168 79 173 117 286 258 151 64 96 288 191 22
849 50 181 100 1 127 294 286 258 237 7 56 222 98 117 300 405 172 257 204 151
850 100 1 174 127 121 204 7 237 222 117 210 405 183 423 151 258 286 294 64 191
851 288 294 300 313 748 269 302 181 100 323 289 245 237 322 268 1 271 257 7 276
852 50 288 286 294 258 300 127 237 313 7 222 748 269 302 9 276 328 15 56 98
853 294 313 269 323 289 268 272 304 321 310 751 319 50 331 315 682 303 750 347 270
854 181 100 258 300 121 237 222 313 98 174 276 9 15 748 172 25 204 475 318 289
855 50 181 100 1 127 56 98 174 121 7 237 204 286 172 222 258 294 288 117 168
856 288 286 300 302 269 333 307 245 289 301 268 271 340 332 50 304 321 319 751 310
857 288 286 300 313 302 748 269 333 50 323 289 245 307 268 322 301 271 100 690 181
858 288 286 300 294 258 313 328 302 748 323 245 289 301 690 322 268 271 340 332 272
859 50 286 294 258 181 300 100 1 127 237 121 313 7 748 269 117 222 302 328 9
860 288 294 258 300 50 328 269 748 181 333 323 127 1 237 268 322 121 271 7 257
861 50 286 181 288 258 100 1 127 300 237 121 7 313 222 56 117 98 257 174 269
862 1 98 237 286 294 258 172 204 318 257 300 15 9 423 25 275 118 191 111 216
863 286 294 258 748 245 690 323 332 289 340 310 272 327 347 358 305 678 311 243 325
864 100 127 174 286 288 168 79 9 64 22 195 300 89 144 234 475 483 135 132 427
865 50 181 100 288 286 127 237 300 56 257 98 174 313 15 9 276 151 748 269 172
866 288 286 294 258 328 333 748 307 245 323 289 301 690 268 322 340 271 332 326 327
867 100 127 121 294 258 288 237 7 222 168 405 173 151 210 15 9 275 25 64 118
868 50 100 121 7 168 79 210 318 423 183 22 28 257 15 357 144 197 194 118 294
869 288 286 258 300 313 1 748 328 302 121 7 117 323 257 222 289 333 9 245 268
870 121 237 204 222 172 294 117 173 210 405 151 183 423 257 15 300 118 89 25 275
871 288 286 294 258 313 328 302 269 748 333 323 289 322 268 340 100 332 321 327 127
872 286 300 50 748 269 302 181 100 333 289 245 237 127 322 301 307 271 257 7 276
873 288 258 302 269 748 333 307 323 245 301 690 268 322 271 340 332 272 327 304 321
874 288 294 258 300 50 313 269 328 748 181 333 323 289 245 237 1 322 268 301 307
875 100 286 1 294 127 121 237 7 98 222 117 172 257 204 313 405 9 151 276 15
876 50 181 100 294 258 1 127 300 121 237 7 56 222 98 117 313 257 9 276 172
877 50 181 100 1 294 258 127 121 7 222 98 174 117 257 172 405 204 9 276 313
878 50 1 56 121 98 7 294 222 288 117 79 405 173 69 210 257 300 183 423 64
879 288 286 294 258 181 100 313 748 269 328 302 7 117 323 257 289 9 333 245 15
880 1 286 222 204 15 9 173 313 275 183 64 269 216 89 302 12 144 197 483 135
881 1 7 237 222 258 294 79 173 69 318 210 288 64 202 89 275 111 300 176 144
882 100 127 98 7 286 117 405 318 257 423 9 276 300 64 25 22 111 216 195 475
883 50 181 294 288 258 127 300 121 237 56 117 313 257 204 276 15 748 173 168 25
884 50 286 288 294 181 1 237 121 7 313 222 117 56 98 257 174 748 276 302 15
885 127 121 56 98 222 258 294 286 288 79 168 405 318 151 257 15 183 9 64 276
886 56 98 127 121 7 237 173 210 405 151 294 96 258 191 22 286 257 15 176 25
887 127 121 174 7 237 117 286 79 173 318 15 183 276 64 22 191 195 111 216 89
888 50 181 1 294 288 258 127 121 300 7 222 56 98 117 174 257 9 313 172 405
889 7 286 294 222 288 117 204 405 15 423 183 25 275 22 118 191 111 202 475 176
890 100 1 127 56 174 98 222 117 294 79 318 288 210 405 183 423 257 64 96 15
891 50 288 294 258 300 100 1 313 748 269 7 328 222 117 302 257 276 9 323 289
892 204 172 222 69 210 237 318 183 405 96 202 257 197 294 258 234 286 118 9 238
893 181 300 100 1 127 237 313 7 222 269 748 257 302 328 276 9 15 56 98 289
894 288 286 294 300 313 328 302 50 333 245 181 301 307 127 272 321 319 327 257 121
895 288 286 294 258 300 313 100 328 269 302 127 237 323 289 333 121 245 268 7 257
896 50 181 1 56 98 174 294 286 258 318 69 151 9 276 300 22 89 202 111 357
897 100 1 98 7 237 222 172 286 258 173 288 318 183 257 64 15 22 191 9 276
898 300 294 302 269 333 323 245 307 289 301 690 268 322 340 332 272 326 327 304 321
899 181 100 127 56 174 7 237 222 117 294 286 258 288 405 173 210 15 183 9 276
900 50 181 288 286 258 1 127 300 237 7 222 56 98 174 313 257 276 15 151 269
901 50 100 127 98 7 294 286 258 288 117 204 79 318 173 300 9 276 25 183 96
902 288 286 294 258 300 313 100 269 748 237 121 323 7 245 117 257 322 222 276 9
903 127 121 286 294 258 237 174 222 117 172 300 204 257 151 79 15 173 318 168 69
904 50 100 1 286 294 258 127 121 237 7 56 222 117 174 98 257 405 15 151 172
905 288 286 50 328 269 302 333 323 289 181 268 127 307 1 271 690 121 340 272 257
906 288 286 294 50 258 300 181 100 1 313 127 237 269 748 328 302 222 257 323 9
907 294 258 100 300 127 313 7 222 117 748 269 257 56 9 276 302 15 328 405 174
908 1 127 98 121 237 222 286 294 258 172 117 168 79 173 210 405 151 257 15 423
909 288 294 258 300 50 313 328 269 302 748 100 181 127 333 289 323 1 237 245 322
910 294 258 50 181 313 1 269 328 302 7 222 323 276 333 9 15 245 268 322 275
911 50 181 100 1 56 127 121 172 222 237 69 318 79 210 117 183 405 64 195 96
912 50 181 100 1 98 56 127 121 7 237 222 79 318 69 210 117 405 183 151 286
913 50 121 56 286 98 294 288 300 405 79 257 173 151 9 25 64 275 423 118 22
914 50 181 174 98 100 1 56 204 172 127 69 168 121 173 210 79 423 222 318 7
915 286 300 294 269 748 245 323 289 690 322 271 340 332 272 326 327 321 751 319 331
916 127 56 98 286 294 258 288 257 15 183 300 191 25 22 275 216 89 202 357 234
917 288 286 294 258 300 181 100 313 748 269 328 127 237 302 121 323 7 333 117 257
918 50 181 100 98 56 127 121 172 7 173 79 222 237 318 210 117 423 183 405 151
919 286 269 328 302 127 237 289 121 268 7 271 321 678 272 475 327 751 405 25 304
920 286 300 294 313 328 269 333 748 323 289 690 322 271 326 327 304 321 319 751 50
921 50 100 286 258 127 7 300 56 98 117 405 9 204 79 318 275 25 69 168 173
922 100 1 174 121 7 237 222 117 168 79 286 405 318 423 183 96 64 9 118 25
923 288 286 294 258 300 313 100 748 269 127 328 302 323 289 7 333 268 15 301 271
924 50 1 294 56 98 222 204 257 405 151 15 79 168 69 210 25 111 118 183 475
925 288 286 294 258 300 50 313 748 269 181 328 100 302 127 1 323 237 289 121 322
926 313 328 748 333 323 289 307 322 268 301 690 50 271 340 332 326 327 319 304 751
927 50 181 100 1 127 98 172 117 168 173 405 151 318 294 258 286 423 183 15 22
928 286 294 258 300 50 313 328 748 302 100 181 323 289 245 237 1 322 301 307 271
929 181 121 174 7 286 237 294 258 288 222 204 117 318 79 168 405 173 210 69 151
930 181 286 294 258 127 300 7 222 56 98 313 9 276 15 405 748 269 172 25 111
931 288 294 258 300 328 748 323 289 100 268 322 307 301 271 1 690 340 321 319 678
932 50 181 1 127 168 69 79 318 7 423 222 195 96 216 237 202 22 117 405 28
933 100 56 127 7 204 222 237 423 183 294 258 286 288 195 257 191 15 202 9 118
934 50 98 127 7 222 168 69 79 318 117 64 96 258 195 22 294 288 15 176 357
935 50 288 294 258 181 121 313 7 748 269 117 222 257 328 302 276 289 323 56 151
936 288 294 313 328 748 302 245 322 307 121 271 9 321 690 222 272 15 751 326 304
937 288 294 50 313 269 328 748 302 181 323 333 289 127 1 245 322 121 307 271 257
938 294 269 302 323 245 268 322 301 271 405 475 307 111 151 56 678 321 98 319 272
939 288 286 294 50 258 300 181 100 1 313 237 121 269 748 328 7 302 117 276 323
940 288 258 181 100 300 1 127 237 121 313 222 117 748 257 98 276 328 15 405 275
941 288 286 294 258 50 181 100 313 1 127 748 269 237 328 302 121 323 289 257 333
942 50 286 294 288 181 100 1 127 237 121 7 313 222 56 269 98 748 257 302 9
943 50 181 1 56 121 7 204 222 210 151 183 294 258 286 64 288 257 15 191 89
